%YAML:1.0
vocabulary: !!opencv-matrix
   rows: 50
   cols: 64
   dt: f
   data: [ 4.11496824e-03, 4.30663954e-03, 2.35438673e-03,
       2.18428206e-03, 4.19771997e-03, 3.97811085e-03, 2.84069963e-03,
       3.12233483e-03, 1.14589641e-02, 1.86571404e-02, 2.14010235e-02,
       1.42207853e-02, 7.17633069e-02, 1.23023011e-01, 1.15381539e-01,
       6.61408305e-02, 1.37192290e-03, 1.99981104e-03, 1.48630538e-03,
       8.49428121e-04, 2.83461297e-04, 3.60020873e-04, 2.79121770e-04,
       2.04837168e-04, 3.43182273e-02, 5.60355559e-02, 5.69914579e-02,
       3.50576453e-02, 2.93166459e-01, 3.42024744e-01, 3.26384544e-01,
       2.70272851e-01, 4.96003253e-04, 1.02932833e-03, 1.26804295e-03,
       7.43170327e-04, 6.53371244e-05, 5.76941857e-05, 1.21607896e-04,
       1.27894193e-04, 2.83460487e-02, 4.24084403e-02, 4.42262292e-02,
       2.98884679e-02, 2.55413532e-01, 3.16856295e-01, 3.35204929e-01,
       3.01057041e-01, 1.13551295e-03, 1.14158972e-03, 2.30260752e-03,
       2.27937149e-03, 1.38991058e-03, 1.15506747e-03, 1.58570358e-03,
       1.81079970e-03, 4.50465037e-03, 5.47523238e-03, 5.27203130e-03,
       4.33446281e-03, 3.59026380e-02, 5.05538583e-02, 6.26712143e-02,
       4.78624664e-02, 2.83703543e-02, 2.81907432e-02, 2.54680272e-02,
       2.56466586e-02, 1.12763643e-01, 1.15967311e-01, 8.40243474e-02,
       8.07219669e-02, 1.66555390e-01, 1.70114830e-01, 1.03222862e-01,
       1.00493714e-01, 4.75028194e-02, 3.99926454e-02, 2.69018952e-02,
       3.44716050e-02, 1.10039927e-01, 1.02811165e-01, 7.03236833e-02,
       7.73928836e-02, 2.75358528e-01, 2.74925619e-01, 1.85618341e-01,
       1.86342165e-01, 2.48997986e-01, 2.43486032e-01, 1.36988446e-01,
       1.47883877e-01, 5.30003384e-02, 3.93821113e-02, 3.45320888e-02,
       4.81656529e-02, 1.60882801e-01, 1.54327959e-01, 8.87204632e-02,
       9.43750590e-02, 2.41244540e-01, 2.45885313e-01, 1.41281962e-01,
       1.29491448e-01, 5.91392629e-02, 5.92422560e-02, 2.68717520e-02,
       2.67820936e-02, 9.39716771e-03, 1.03874281e-02, 1.21380547e-02,
       1.11518716e-02, 3.61644067e-02, 4.34373058e-02, 3.16958986e-02,
       2.44716518e-02, 3.59712243e-02, 5.07609732e-02, 4.74853516e-02,
       3.27298976e-02, 9.49010998e-03, 8.97025783e-03, 1.13137905e-02,
       1.18036158e-02, 5.62445307e-03, 5.75374253e-03, 5.34596387e-03,
       5.23310108e-03, 1.59567352e-02, 1.16640413e-02, 7.92055391e-03,
       1.21812224e-02, 4.88699041e-02, 3.13967317e-02, 6.15241565e-02,
       7.71815628e-02, 2.57055521e-01, 2.24429414e-01, 3.36012602e-01,
       3.44176590e-01, 2.57698625e-01, 2.16155082e-01, 3.13167393e-01,
       3.36466432e-01, 2.77794129e-03, 3.58803407e-03, 2.99729966e-03,
       2.11113458e-03, 1.91609608e-03, 1.62910484e-03, 1.89437985e-03,
       2.18353141e-03, 4.05798927e-02, 3.55393179e-02, 6.72465712e-02,
       7.20506459e-02, 8.51705074e-02, 7.83928484e-02, 1.64092094e-01,
       1.70830116e-01, 1.43249892e-03, 1.81727216e-03, 2.01755832e-03,
       1.67005614e-03, 4.10594686e-04, 3.70849855e-04, 3.89625144e-04,
       4.26591549e-04, 6.46478613e-04, 5.52043784e-04, 4.43431258e-04,
       5.37180866e-04, 9.59578343e-03, 1.50929270e-02, 1.78546719e-02,
       1.23308320e-02, 9.67651373e-04, 1.02508848e-03, 1.42571807e-03,
       1.34931400e-03, 1.21910567e-03, 9.72185226e-04, 1.03823445e-03,
       1.28610758e-03, 4.28432086e-03, 3.72780487e-03, 2.09376193e-03,
       2.81742774e-03, 1.43666994e-02, 1.58076379e-02, 8.90525244e-03,
       7.53173651e-03, 1.73591953e-02, 1.90592110e-02, 9.21069551e-03,
       7.62729393e-03, 1.33106206e-03, 1.06805947e-03, 6.01425185e-04,
       8.37899395e-04, 1.21943624e-04, 5.01933355e-05, 1.00084508e-04,
       1.73820619e-04, 1.08742528e-03, 1.04316825e-03, 2.57313321e-03,
       2.65832176e-03, 1.62658631e-03, 3.16847139e-03, 2.50914996e-03,
       9.44802479e-04, 4.48134415e-06, 4.13876342e-06, 7.89307978e-06,
       8.26980067e-06, 4.98233794e-06, 3.80171196e-06, 3.77676588e-06,
       4.88166370e-06, 3.12168297e-04, 4.75797802e-04, 5.26225136e-04,
       3.50295217e-04, 1.80866383e-02, 2.48318911e-02, 5.67095913e-02,
       4.93359007e-02, 2.16667147e-04, 2.27497047e-04, 2.86026479e-04,
       2.77737243e-04, 2.25464901e-05, 7.85922675e-05, 7.77065216e-05,
       2.16296703e-05, 3.87948996e-04, 5.05062751e-04, 3.72075534e-04,
       2.41885806e-04, 2.94582427e-01, 3.34461242e-01, 5.51235318e-01,
       5.21635711e-01, 1.68797076e-02, 1.50083369e-02, 3.73609327e-02,
       3.98195237e-02, 2.20202398e-03, 1.05837791e-03, 7.72228872e-04,
       1.90245139e-03, 9.91190597e-03, 7.99724180e-03, 3.07778758e-03,
       5.11410460e-03, 6.76203445e-02, 1.23018101e-01, 1.36149645e-01,
       7.80195892e-02, 1.18362289e-02, 1.95203554e-02, 1.70742068e-02,
       9.53466818e-03, 2.44569127e-03, 1.51682529e-03, 2.35525426e-03,
       3.26088374e-03, 2.33456935e-03, 2.38582259e-03, 4.73286491e-03,
       4.68721660e-03, 2.71531880e-01, 3.34214389e-01, 3.47449422e-01,
       2.89996952e-01, 3.06825191e-02, 5.55804558e-02, 5.47758639e-02,
       2.99174935e-02, 1.55408852e-04, 1.39080323e-04, 1.59452058e-04,
       1.68659535e-04, 8.51988851e-04, 1.37570489e-03, 1.65621855e-03,
       1.17642980e-03, 3.04681748e-01, 3.39161634e-01, 3.13251555e-01,
       2.40969256e-01, 2.65542455e-02, 4.18695398e-02, 3.78569439e-02,
       2.27182452e-02, 9.82496713e-05, 1.23019738e-04, 1.11706293e-04,
       9.07332724e-05, 8.37707485e-04, 1.11530779e-03, 8.92643526e-04,
       6.16445148e-04, 5.42096607e-02, 7.01764375e-02, 4.98537347e-02,
       3.42447124e-02, 3.83068598e-03, 4.58060065e-03, 4.06065723e-03,
       3.30548873e-03, 1.52553199e-03, 1.24987506e-03, 5.54682338e-04,
       8.01199931e-04, 2.10087281e-03, 2.09983066e-03, 9.71054367e-04,
       9.40057682e-04, 7.85098150e-02, 8.85003507e-02, 6.21641427e-02,
       5.21256402e-02, 1.37250662e-01, 1.22643694e-01, 9.54235196e-02,
       1.13814808e-01, 1.08576789e-01, 8.61557499e-02, 1.24761298e-01,
       1.42256960e-01, 5.37799895e-02, 5.85221313e-02, 8.75254869e-02,
       8.29464793e-02, 1.39534444e-01, 1.80370331e-01, 1.51408076e-01,
       1.04765713e-01, 1.11677036e-01, 1.23795301e-01, 1.01303115e-01,
       8.90916660e-02, 8.25119093e-02, 8.83196443e-02, 1.23352878e-01,
       1.17488816e-01, 1.06269039e-01, 1.45624876e-01, 1.87958315e-01,
       1.55799761e-01, 9.92203727e-02, 1.53726548e-01, 1.51822224e-01,
       9.90020111e-02, 5.25328070e-02, 7.85645768e-02, 8.13859999e-02,
       5.63309677e-02, 5.67945205e-02, 7.50563592e-02, 7.07856417e-02,
       5.17974831e-02, 1.08137652e-01, 1.56569526e-01, 1.61663219e-01,
       1.12075016e-01, 3.96980867e-02, 6.00988790e-02, 7.16902390e-02,
       5.13722450e-02, 5.12323864e-02, 5.42869531e-02, 6.65707216e-02,
       6.31254837e-02, 6.69817999e-02, 6.71895519e-02, 4.79406528e-02,
       4.88702394e-02, 5.73915429e-02, 7.63617158e-02, 6.16343543e-02,
       4.28074263e-02, 6.66977884e-03, 6.97446009e-03, 5.24840830e-03,
       4.94739320e-03, 6.92750560e-03, 5.87797677e-03, 4.01114114e-03,
       5.23360772e-03, 3.97511804e-03, 3.31102661e-03, 2.59260088e-03,
       3.25853843e-03, 1.89042441e-03, 1.81960897e-03, 2.21297890e-03,
       2.27715936e-03, 2.80432887e-02, 2.24084184e-02, 5.51129803e-02,
       6.09112531e-02, 1.46116856e-02, 1.14305131e-02, 2.70885509e-02,
       3.04167364e-02, 3.25305620e-03, 3.89564200e-03, 4.05269302e-03,
       3.31978197e-03, 3.26953386e-03, 4.01491858e-03, 4.20301966e-03,
       3.41330492e-03, 1.72698930e-01, 1.04111932e-01, 1.97690278e-01,
       2.50499129e-01, 2.06475273e-01, 1.55236840e-01, 2.79129416e-01,
       2.91758299e-01, 6.92193285e-02, 5.34211025e-02, 1.39245555e-01,
       1.50309414e-01, 1.36782611e-02, 1.10209864e-02, 1.12903593e-02,
       1.38765406e-02, 7.62183443e-02, 5.60560822e-02, 7.84900039e-02,
       9.89019275e-02, 1.65782899e-01, 1.41129628e-01, 2.56856591e-01,
       2.63681591e-01, 1.27037823e-01, 1.14331506e-01, 2.47021958e-01,
